-0.727027
-0.578316
0.506155
-0.399861
-0.521981
0.944627
-0.503884
-0.684848
-0.46394
0.258849
0.405814
0.231977
-0.21698
-0.725812
0.562782
-0.790743
0.208198
0.757635
0.799577
-0.308601
0.631637
0.0968028
0.644873
-0.812105
-0.969798
0.236754
-0.607207
0.215735
-0.54236
-0.243181
-0.27453
-0.18395
-0.0739784
0.022715
-0.224848
-0.350151
1.07052
0.578161
0.473089
-0.399639
-0.989996
-0.125101
0.550566
0.0953417
1.05548
-0.315928
0.777087
-0.8492
-0.144687
-0.397202
-0.586748
0.220061
0.988359
0.684076
-0.621603
0.421469
0.294687
-0.185689
0.89222
1.00666
-0.0624496
0.243889
0.679197
0.587987
0.16278
-0.067795
0.679262
1.36569
0.265136
-0.0294969
0.856621
1.36412
0.0564459
-0.128398
-0.811113
0.557402
1.11519
0.60663
-0.465594
0.847243
0.0627752
0.0536463
0.405967
-1.10315
-1.03263
-0.621954
-0.260547
-0.153623
0.104442
-0.892906
0.435093
0.4182
-0.636538
0.502714
-0.360969
-0.0225035
-0.927146
-0.740102
-0.333851
-0.00621602
0.0435919
-0.138518
0.0349063
0.324533
-0.931089
0.537215
-0.287641
-1.49144
-1.28143
-0.313739
0.374544
0.376399
0.465432
0.348409
0.768666
0.276792
-0.835352
-0.228966
-0.0381982
0.570904
0.78154
-0.118216
0.687199
1.02019
0.315398
0.387346
-0.717417
-1.03077
0.361359
-0.145553
0.913629
-0.91562
-0.673284
-0.313632
0.162094
0.26456
0.984785
-0.950572
0.382558
0.578732
1.04443
0.400496
0.262166
0.18719
0.881524
0.3514
0.039085
0.780826
-0.459574
-0.143363
0.707138
0.148983
0.428826
0.0511029
-0.453446
0.580552
-0.324355
0.374578
1.33418
-0.115891
0.504759
0.0355907
-0.818733
0.552338
0.455178
-0.454622
0.260634
-0.16026
0.427715
0.216101
-0.0692019
-0.44551
-0.321986
0.687984
-0.245914
-0.244561
0.412346
0.273295
0.587387
0.811673
-0.151526
-0.417782
1.37181
-0.548612
-0.382235
-0.416103
-0.421328
-0.120447
-0.426353
0.0461002
-0.0108603
0.621249
-0.84126
0.686997
0.437318
-0.5744
-0.463704
-0.334718
0.0553015
1.40561
-0.0885924
-1.01686
0.812855
-0.0590281
0.188337
0.92245
0.379129
-0.0522354
0.781246
0.991307
-0.346289
-0.796506
-0.331738
0.551179
-0.193631
-0.26321
1.14293
-0.287516
-1.01593
-0.00306989
0.102523
-0.0672282
-0.805209
-0.528842
0.202698
0.362044
0.752172
-0.944417
0.755196
0.368426
-0.534189
-1.178
-0.678939
0.636402
-0.767832
0.863595
0.207685
-0.145256
-0.185452
0.251424
0.812255
1.66635
-0.315434
-0.323116
0.0400073
0.172467
-1.10695
-0.462505
1.40029
0.66456
0.40478
-0.443249
-0.42385
0.586282
-0.57046
-0.535091
0.0387823
0.108498
-0.795829
0.526824
-0.401724
-0.504883
0.314036
0.35469
-0.922824
-0.316776
-0.488986
-0.562416
-0.955646
-0.0722598
0.737017
0.174796
-0.983966
0.949887
0.850396
-0.0978221
0.859435
0.829108
-0.773626
-0.952278
0.407018
-0.647087
-0.150348
0.469053
0.386165
0.39606
0.411409
-0.630164
-0.68947
-0.617023
0.919694
0.0491016
0.00318637
-0.379727
-0.887056
-0.841352
-0.956629
-0.526751
0.421263
-0.846274
-0.898451
-0.885278
-0.785941
-0.179158
0.418342
0.0198066
0.181012
0.409807
-0.257068
0.503718
0.0910935
-0.877159
-0.0459427
0.032813
0.290077
-0.148332
-0.527623
0.489608
-0.16682
-0.680968
-0.378566
-0.779461
0.451441
-0.43704
0.0176255
0.155906
-0.198023
-0.240299
0.198609
0.493145
1.20447
-0.90437
0.914202
0.539262
-0.171368
0.315318
0.38332
0.491465
0.162458
-0.157076
0.624616
0.397624
0.108701
-1.09565
-2.08757
-0.0811903
-1.41329
-0.420835
0.556662
0.431417
-0.761594
-1.81382
-1.16673
0.170466
-1.65518
-0.0362346
-0.300443
0.131939
0.0332908
-0.934497
-0.176173
0.915079
-0.156712
-0.324689
0.584654
-0.795405
-0.247659
-0.229521
-0.702791
-0.297729
0.499644
1.28198
-0.816316
0.12357
-0.18443
-0.304381
0.665414
1.54504
0.357414
0.689055
-0.959189
0.861446
0.459199
0.760147
-0.0167523
0.424697
-0.166583
-0.154859
0.253407
0.0831033
0.567527
-0.290839
0.402276
0.818072
-0.0247227
-0.684834
0.355611
-0.231377
-0.566691
-0.123469
-0.509548
0.688433
0.525055
0.505005
-0.901794
-0.394874
-0.231541
0.145238
0.00749799
-0.225369
-0.371911
0.909651
0.111238
0.833557
0.178195
0.705517
-0.677319
0.100658
1.26465
-1.06122
-0.233846
0.341688
0.290292
-0.168313
1.07619
-0.802029
-0.14128
0.978324
0.297172
-0.682336
0.624168
0.776724
0.98439
-0.528915
-0.043542
-0.110154
-0.646456
0.180555
-0.0115981
0.55021
0.782418
0.685946
-0.662676
-0.862645
0.0903823
0.992922
0.466876
0.637048
0.493837
0.715695
0.473469
-0.355158
-0.396361
0.213139
0.109443
-0.759637
-0.138498
-0.672035
-0.864203
1.1514
-1.52714
0.639655
-0.366201
0.262017
-0.403825
-0.420112
0.11438
-0.856697
0.257913
-0.0310391
-0.26267
0.551382
-0.771711
-0.0673801
-0.416656
-0.0680488
-1.53412
0.36702
-0.76191
-0.560266
-0.181663
0.722903
-0.775141
-1.3299
-0.677387
1.29882
-0.245575
-0.958987
0.344263
0.478474
-0.16108
0.377638
1.31742
1.71569
0.0494356
-0.510009
0.825913
0.909896
-0.0691957
1.48734
0.0233601
1.54174
-0.744015
-0.293834
0.436923
0.0515717
0.868391
-0.865354
-0.116383
0.0216884
-0.284963
0.902088
0.995082
-0.592799
-0.0977091
-0.287139
-1.05335
-0.044672
-0.452446
0.369444
0.0793325
0.206344
-0.630256
0.505859
-0.160488
0.794216
-0.347302
0.806017
-0.164541
-0.501694
0.975542
-0.56584
-0.100999
-0.0546489
0.83265
-0.298518
0.0932695
0.329148
0.983947
-0.412939
0.046199
-0.0141329
0.333586
0.323403
0.78619
0.340374
0.469787
0.516357
0.627928
0.613281
-0.32067
0.302147
-0.691477
0.811083
0.479846
-0.480962
0.617737
0.314553
0.190544
-0.917473
0.814579
-0.89022
-0.458959
-0.659701
0.170653
0.271165
0.348059
-0.849225
0.00828343
0.250566
-0.473649
0.097792
0.243361
0.707476
-0.260876
0.927004
0.648444
-0.555356
-0.0313084
0.630161
0.577358
0.324275
-0.638889
0.170161
0.224722
0.0213758
-0.102251
1.02895
-0.620863
0.64438
0.107934
0.767625
0.943846
-0.017791
-0.452094
0.223624
-0.248201
-0.0931129
-0.797686
-0.757404
0.49942
0.548524
-0.0140676
-1.21462
-0.73452
-0.465981
-1.75247
0.0165742
0.597731
0.12859
-0.222324
-0.416464
-0.432545
-0.185282
-0.829301
0.240306
-0.162016
0.31745
-1.05356
0.310598
1.09428
1.62176
0.437755
-0.68262
-0.422042
-0.220461
0.425817
-0.0555866
1.47108
0.355312
-0.191923
-0.0861348
0.828483
0.0585195
-0.260365
0.555542
0.485239
0.0395195
0.599101
1.13513
-0.367801
-0.608559
0.436243
0.392979
0.575984
0.607591
0.0626927
0.427815
-0.492803
0.125858
-0.221985
-0.213679
-0.321206
0.218245
0.0916756
1.16055
-0.716957
0.984523
0.234928
-1.03375
0.510182
-0.0358597
-0.770874
0.385641
-0.219198
-0.313955
-0.425679
-0.491922
0.273569
0.715951
0.46726
-0.976287
-0.59148
-0.525769
-0.910533
-0.0445969
0.168797
0.714566
0.546805
0.568471
0.643235
0.227529
-0.977792
-0.784451
0.606328
0.733821
0.16061
0.976459
-0.234485
0.346623
0.878047
-0.99485
0.105709
-1.42055
0.22333
-0.268195
0.346868
0.653565
0.668807
-0.214659
-0.372765
-0.766146
0.296698
0.0156745
-0.259623
-0.468028
-0.218166
-0.755919
-0.917636
1.06352
-0.463446
-0.9325
0.569942
-0.543138
-0.231486
-0.00299702
0.899519
0.442546
-0.0104339
0.366213
0.383802
0.805295
-0.0964049
-0.798892
0.717843
0.42561
0.251626
1.10731
0.0942562
0.681991
0.0111539
-0.0659968
-0.0306859
-0.288125
0.153537
0.49761
0.56035
-0.379947
0.593257
-0.41902
0.509767
-0.256574
-0.155616
1.44442
0.530891
0.170903
-0.0729188
-0.149975
-0.859254
0.343529
-0.418952
-0.1257
0.223148
1.73435
0.599875
-0.823644
-0.473403
-2.02723
-2.12653
-0.685845
0.195638
0.648939
-0.707576
0.129543
-0.813531
-0.467367
-0.0968652
-0.713151
-1.22472
0.0586038
-0.547213
-0.0945909
0.494469
0.240951
-0.346736
-1.07797
-0.0248937
-0.693455
-0.0592183
-0.126029
0.336274
0.618651
0.497186
0.88907
0.656154
1.4781
-0.265196
0.497366
-0.260573
0.117394
0.157031
-0.0611457
0.885702
0.823132
0.135021
0.675578
-0.339898
-1.11125
0.883233
0.357056
-0.101472
-0.631189
0.400593
0.803376
-0.329524
0.568554
-0.547857
-1.30225
-1.22478
-0.652508
-0.966954
-0.342128
0.609227
0.255055
0.286491
-0.676061
-1.12657
-0.0728649
-0.783767
0.742601
0.277149
0.334849
0.595895
-0.407359
-0.203658
-0.868351
-0.303617
0.161188
-0.902183
-0.150853
0.361273
1.01737
0.634376
-0.0299728
0.569852
0.941739
0.782634
-0.0483682
0.411545
0.713204
-0.660897
-0.662192
0.823061
0.370108
0.0333203
-0.274955
-0.880953
0.207472
-0.268263
-0.21835
-0.805767
0.275867
-1.03798
0.982419
-0.100974
-0.612002
-0.322822
-0.11064
-1.27039
0.594893
-0.811301
0.876606
-0.0439396
0.351322
0.526804
-0.0538649
-1.87738
-0.199752
0.531532
0.977619
-0.439608
1.2339
-0.208449
0.3099
-0.71659
-0.862162
0.589795
-0.649437
-0.16271
0.795663
-0.199828
0.869229
-0.428952
-0.0194487
0.842408
-0.286688
0.545369
-0.581651
0.895709
-0.174649
0.27598
0.536453
0.165705
-0.815493
0.550418
-0.550393
0.261731
0.608974
0.874243
0.221984
-0.775807
0.694875
0.0370241
0.458079
0.681677
-0.405895
0.258274
0.256806
-0.750378
-0.283069
-0.208927
0.848917
-1.11346
-0.500687
0.439956
0.55179
-0.67046
-1.16249
0.0733436
-0.571377
0.212089
0.0781154
-0.686219
0.0453176
0.789365
0.0362911
0.303334
0.341388
0.427502
-0.139984
-0.922075
-0.392589
0.237977
-0.556903
-0.430501
0.476681
0.454122
0.491007
0.672664
-1.01049
0.263162
0.609566
-0.793801
0.802643
0.0345756
-0.0727308
0.0408608
-0.995325
-0.717816
0.109771
-0.404363
-0.302089
0.970318
-1.02225
0.578726
1.62885
1.08169
-0.204775
0.562468
-0.997076
0.5106
-1.40614
-0.360897
-0.364583
-0.289282
0.320221
0.957825
0.260764
0.324109
0.798674
0.782266
-0.905378
-0.445666
0.468943
0.536842
-0.322044
0.400689
-0.260774
0.173088
-0.257658
-0.6311
0.460109
0.207709
0.63415
-0.292969
0.0290622
0.22753
-1.22766
-0.666296
-0.530344
-0.762947
0.218267
0.122532
0.626512
-0.116388
-0.803118
-0.401445
-0.738295
-0.835505
-0.316464
1.36287
1.66596
1.17455
-0.182687
0.457185
1.0704
-0.127822
-0.580284
-0.687419
0.245745
-0.067211
-0.463011
0.428042
0.63036
-0.439867
-0.756699
0.823947
-0.699081
-0.980217
-1.05917
0.342041
0.19737
0.340853
0.805891
0.768805
-1.05682
-0.160441
0.152753
-0.801992
0.151389
0.226269
-0.0665479
0.968697
0.452159
0.705687
-0.200308
0.0798636
-0.477434
-0.0914901
-0.227789
-0.65106
0.0668471
1.01457
0.337906
0.92712
0.895709
-0.334295
-0.590998
-0.356685
0.0379017
0.493236
0.403411
0.901601
-0.012286
6.32075e-06
0.857113
-0.70134
-0.560199
-0.665643
0.213543
-0.711271
-0.508592
-0.132127
0.688665
0.719438
0.120485
0.790966
0.540639
0.121094
0.164705
-0.0846931
0.203492
0.468558
-0.176261
0.457514
-0.284738
0.630586
0.00338383
0.464563
0.625325
0.367927
-0.95358
0.217863
-0.848453
-0.0567112
0.677049
0.217087
-0.247813
0.64009
-0.341098
0.339528
0.985274
-0.337997
-0.226304
0.472471
-0.530071
0.358379
0.308026
0.418376
0.172457
0.875806
0.0041275
-0.113267
0.463772
0.237392
-0.986283
0.972886
-0.0853633
0.18816
-0.320345
1.56552
0.418257
0.540525
0.861514
-0.217648
0.159843
0.597036
0.714157
-0.437639
-0.421801
0.602078
-0.0729945
0.401069
-0.527254
0.598366
-0.18019
0.29933
0.146061
-0.676289
0.495304
-0.500355
-1.14908
0.776925
-0.92035
-0.744878
-0.907462
-0.0152211
-0.576032
0.143116
0.404182
-0.214727
0.238531
-0.0814483
-0.993567
0.417716
0.073715
0.072656
-0.023258
0.839435
0.046255
0.277199
0.27196
0.0300848
-0.16779
-0.982949
0.440966
-0.0452684
-0.2372
1.08454
-0.573253
0.0581508
-0.415961
0.66828
0.544432
0.203276
-0.204307
-0.602185
-0.952226
0.705203
-0.00199257
0.255598
0.598645
-0.0374664
-0.344005
0.822578
0.332623
-0.312681
-0.165725
0.596993
-0.236386
-0.574444
-0.860813
0.0477893
-0.170859
0.529652
-0.6547
-0.694044
0.593444
-0.960628
-0.0507885
1.02746
-0.509807
0.102334
0.50421
-0.658198
-0.295009
-0.922384
-0.0105706
0.552576
-0.20823
-1.37373
0.622233
0.0701622
-0.33324
-0.40916
-0.225776
-0.443476
0.53028
0.0657899
0.980262
-0.361162
0.485388
-1.77853
-0.854225
0.851078
-0.0846943
0.337649
-0.701169
0.145213
-0.158207
0.0106655
-1.60497
0.77851
1.44027
-0.339591
-0.385704
-0.771287
0.754481
-0.0169987
0.62946
-0.032059
0.475973
-0.542745
0.0661872
-0.281634
-0.23844
-0.615148
-0.619804
-0.206855
-0.423644
0.899559
-0.16559
0.40568
0.369367
0.605363
0.742046
0.228928
0.54936
0.809347
-0.628061
-0.707976
-0.850176
-0.286715
0.767354
-0.666698
0.590595
0.976271
-0.686166
0.548298
0.554775
-0.565024
-0.696942
0.707045
-0.380377
0.667647
0.100217
-0.395539
0.972838
0.279348
0.944473
-0.59699
-0.452749
-0.344398
-0.304871
0.37737
-0.292944
0.522897
-0.0388417
0.444606
0.463523
0.140051
-0.891854
0.519611
-0.72948
-0.624548
0.980494
0.52156
0.859713
-0.205949
1.02079
-0.995984
-0.569021
0.710589
0.675245
-0.132929
0.831916
0.289855
0.546931
0.576917
0.116826
0.92859
0.669691
-0.24499
0.828801
1.21602
0.153122
0.953063
-0.0531938
0.71372
-0.736789
-0.392497
0.967005
-0.511462
0.863478
0.667579
-0.67422
-0.942241
-0.510665
-0.813038
0.201794
0.322786
0.306007
0.668552
0.588577
0.572995
0.821771
0.954891
0.636841
0.461299
-0.0569446
0.347248
0.731976
0.23652
-0.958103
0.0232282
-0.412061
-0.504645
-0.522264
0.0963356
0.472294
0.712493
0.244932
0.672511
0.167774
0.312022
0.425886
-0.405161
0.200028
0.421922
-0.817051
0.0360017
0.174451
0.876369
0.692392
0.302906
-0.569817
0.570594
0.382042
-0.274113
-0.612548
1.0052
0.883604
0.00218922
-0.774366
0.400481
-0.564269
0.675751
0.602747
-0.673933
0.65846
0.348251
0.33754
0.585315
-0.244092
0.965568
0.36763
-0.3148
-0.174657
-0.963322
0.258921
0.870575
-0.935459
0.586316
-0.0940504
0.066674
-1.15926
-0.502949
-0.145132
-0.531023
-0.765626
-0.248559
0.981451
-0.227817
0.44975
0.573072
0.596752
-0.62522
-0.879135
0.407463
0.559929
0.397162
0.47793
1.33038
0.726227
0.0540121
-0.768718
1.04442
-0.583367
0.685604
0.0337315
0.83235
-0.242076
0.520837
0.744293
0.676799
-0.546501
-0.697364
-0.126758
-1.68486
-0.790896
0.626706
-0.919857
0.0346371
0.135313
-0.956839
-1.4364
-1.16636
-0.737948
-0.930217
0.404973
0.688481
-0.0735281
0.670393
-0.613588
-0.428056
0.355416
-0.332036
0.588392
0.418354
0.49851
0.574368
-0.677414
0.467104
-1.05781
0.0798496
-0.0656126
-0.171113
-0.0570898
0.518271
-0.351055
-0.853263
-0.531742
-0.492221
0.505554
-0.19482
-0.510328
-1.00468
-0.714488
-0.908196
0.803425
-0.504076
0.850736
-0.910278
0.656686
0.302246
-0.094453
-0.113402
0.105356
-0.733418
0.449757
0.53382
-0.827192
-0.694913
-0.507785
0.569738
-0.418564
0.156247
0.440174
-0.780121
-0.949267
-0.0400408
-0.616907
0.171663
-0.950791
0.861114
-0.36401
-0.0660534
-0.233795
0.719969
-0.441593
0.0348176
-0.342196
0.00930778
-0.134609
-0.219073
0.607602
0.168797
0.754306
0.568641
1.51506
-0.0135812
0.521449
-0.847359
-0.812871
1.41417
1.32058
-0.0255626
-0.100882
0.125423
0.410942
0.294374
-0.175208
-0.361773
-0.53865
-2.17059
0.0197663
1.01924
0.561828
-0.654294
0.223932
-0.609145
-1.47154
-0.19905
-0.416094
0.247548
0.624403
0.0369728
-0.714752
-0.396275
-1.16418
-0.0366034
-0.175851
-0.308014
0.097032
-0.680225
0.168708
0.470528
0.148506
-0.56902
-1.06827
-0.389339
0.551605
0.76778
-0.200935
-0.341054
0.973065
0.508944
-0.413383
0.0771044
-0.0268822
0.77903
0.351883
0.30479
0.161009
1.18634
-0.284209
0.576368
-0.558842
-0.297139
0.774849
-0.647076
0.0672311
0.674177
0.0450484
-0.555645
0.254987
0.0554203
0.731897
0.282128
-0.666261
0.399582
-0.262107
0.103078
-0.00823453
-0.401402
-0.261231
-0.331818
-0.773705
0.0461444
-0.842632
-0.781225
-0.391362
0.183548
-0.422059
0.502423
0.0167693
0.821206
-0.658021
0.443672
1.17171
-0.702779
-0.648011
-0.0928166
0.440788
-0.643788
0.824962
1.15921
0.713086
-0.177606
-0.546812
-0.891243
-0.151786
0.203323
0.756562
-0.314758
0.192927
0.920414
-0.526007
-0.144158
0.0840213
-0.0806835
-0.282787
-0.333766
0.49143
0.149381
0.247003
0.659395
0.903001
-0.493249
0.561893
-0.247015
1.2553
0.557236
-0.0574283
0.166913
0.39059
0.218802
0.620045
0.064829
-0.333096
-0.318505
-0.384597
0.507305
0.676985
0.39989
1.12623
0.15394
-1.577
0.279849
-0.0296512
-0.458092
-0.11365
-0.179339
0.853858
0.271482
-0.852578
-0.0285452
0.55505
0.834059
0.413098
-0.47148
-0.0767205
1.4296
-0.0486065
-0.586284
-1.59063
0.830478
0.43364
-1.28928
-0.00985519
0.946477
-0.119748
-0.36651
-0.425494
0.0173867
-0.817002
-0.259332
-1.20489
-0.481425
-0.448065
-0.619
0.293633
-0.605566
0.578068
-0.227235
0.478998
0.234005
-0.261686
1.25669
0.367308
1.04209
-0.804088
0.144481
-0.722575
-0.480995
0.914019
0.364455
0.14909
0.972245
0.196704
-0.359022
-0.658763
0.189199
-0.0360692
0.696956
-0.332868
0.225144
0.212751
-0.0267856
0.685905
0.921562
0.738824
0.0373556
-1.31336
-0.0505185
-0.852439
0.781989
0.475564
0.482811
0.712315
-1.33468
-1.85775
0.197397
-0.287497
0.0783735
-0.57728
0.514817
-1.38767
-0.729091
0.178173
0.570367
-0.374347
-0.268516
1.00662
1.02683
-1.49612
-0.719415
0.41901
-0.0945769
-0.440229
-0.426651
-0.761103
0.20355
-0.472955
0.804418
-0.566225
-0.785678
-0.666761
0.0768772
-0.608684
0.14221
1.01671
0.494986
0.650212
-0.0810522
-0.630139
-0.160561
0.437196
0.547354
-0.209103
-0.538289
-0.431691
-0.0938627
-0.448907
-0.117551
-0.31432
0.292499
-1.01893
-0.758445
-1.14265
-0.0268247
0.884302
-0.523014
0.0430798
0.560515
-1.17421
-0.56537
0.337098
-1.06182
0.19893
-0.710945
-0.236682
-0.677131
-0.859201
-0.643995
0.771471
0.208747
-0.983682
-0.542878
-0.923692
0.643009
-0.57872
-0.0699859
-0.0426619
-0.810651
-0.888658
-0.495429
-0.838556
0.329296
-0.174529
0.0485093
0.134494
-0.365557
0.604763
-0.374711
0.150703
0.445909
-0.369387
0.0279816
-0.000122552
0.158192
-0.967221
-0.938572
0.473953
-0.883374
-0.211697
-0.895692
0.61973
0.124821
0.578718
0.0579878
-0.0294206
-0.0358598
-0.345721
0.563121
0.43708
-0.0451622
-0.308462
0.0968674
-0.158881
-0.280378
0.255143
0.897074
0.197905
0.515838
-0.191846
-0.379498
-0.878262
-0.393228
0.582185
0.129486
0.957859
-0.161414
0.938618
-0.787023
-0.0376458
-0.0250769
0.350666
-0.709334
0.988289
-0.364641
0.643737
0.874355
0.0205997
0.0523079
-0.0844995
0.206576
0.266795
0.177212
0.109327
-0.178276
0.543422
-0.843628
0.64537
-0.457043
-0.313036
0.962484
0.373749
0.943741
0.633662
-0.110821
0.770894
-0.00940946
-0.172431
-0.175553
0.906763
0.336289
-0.877191
-0.563422
0.965424
0.903744
-0.271857
-0.0613792
-0.00479295
0.313428
-0.433463
-0.478719
-0.587531
-0.664577
0.471236
-0.390895
0.34336
1.00598
-0.957425
0.323553
-0.686441
0.394465
1.02097
0.523975
0.898165
1.2316
-0.0398513
0.519546
0.815895
0.372019
0.961547
0.309815
-0.0528106
0.0123489
0.210999
-0.0167083
-0.013112
-0.820071
1.00635
-0.523322
-1.65422
-1.72104
-1.45909
0.887053
0.832593
0.488132
0.673425
-0.695639
0.699517
-1.24274
-0.142351
0.104288
-0.929045
0.858789
-0.120141
-0.67077
-0.96399
-0.219649
1.02275
-0.249427
-0.694526
-0.044597
0.0103051
-1.07016
-0.901402
-0.152662
-0.11444
0.36936
-0.81333
-0.371492
-0.0496649
-0.665526
-0.0847869
-0.126659
-0.885271
0.102801
-0.253902
0.200649
0.534347
-0.388459
-0.107878
-0.311899
0.0203727
0.139499
-0.212845
-0.962858
0.105356
-0.881214
-1.0273
0.265571
0.143805
0.224803
-0.255472
-0.775724
0.843419
-0.681253
0.710076
0.82919
0.308189
0.275605
0.952997
-0.569195
-0.0915773
0.709264
-0.957009
-0.772833
0.389979
0.241288
-0.853087
0.347788
-0.47426
-0.797854
0.212957
0.333786
-0.544227
-0.0838275
-0.767413
-0.852782
-0.64091
-1.47374
-0.356221
-0.601342
0.0516145
-2.08739
0.206878
0.0378512
0.940594
0.570599
0.256646
0.420594
-0.55185
0.00022567
0.423737
1.03938
1.03861
-1.18213
-0.408648
-1.33933
0.928045
-1.84366
0.165027
-1.04413
-0.0751806
1.13437
-0.666102
-0.201587
-0.325489
-0.52813
-0.0824346
-0.859482
0.0105987
0.232154
0.798685
-1.24274
-0.838137
-0.963586
0.259211
-0.8838
-1.15998
1.15785
0.251885
-1.4242
-0.505976
-0.0471738
-0.487087
-0.22877
-0.0942529
-0.0930404
-0.244219
-0.257095
1.07972
0.405761
0.375373
0.0865418
0.633212
-0.920467
-0.859067
-0.422877
-1.20036
0.766224
-0.820484
0.907681
0.739857
2.0529
-0.538643
0.0327572
-0.406792
0.978461
0.707896
0.929487
-0.0289193
-0.209876
1.31124
-0.280828
-0.752406
-0.37763
1.18802
-0.621365
-0.448336
-1.28776
0.172537
0.447579
-0.701129
-0.0976
-0.431644
-0.280899
-0.057876
-1.17937
-0.515565
0.192949
-1.21352
0.908029
0.121736
0.0982436
0.286216
-0.458434
1.00067
0.179881
0.113102
-0.611671
-0.431819
-0.832388
-0.0543333
0.293701
0.605555
-0.383678
-1.15891
0.130111
-0.201937
-0.735086
1.73912
0.168252
-1.17176
-0.978629
-1.03161
0.204229
1.19673
-0.256714
-0.602112
-0.304636
-1.19203
1.52819
0.2871
-0.672338
-0.339159
-0.109342
0.419935
-1.02656
-0.350487
0.625754
-0.382303
1.24769
0.993703
1.28892
0.519952
0.69071
-0.856046
0.238848
0.011225
-0.59805
-0.0128597
0.699968
0.100091
-0.872854
0.259192
0.554157
0.832306
-0.362065
-0.831874
1.95826
-0.596953
-0.514408
-0.990262
-1.06768
0.430848
0.381353
0.453652
-0.756768
2.05551
-0.967322
0.758641
0.13417
-0.201274
-0.0692368
0.664039
0.218241
0.0148963
-0.0212555
-0.147206
-0.692527
0.0370221
-0.589209
-1.64592
0.0387507
-0.914905
0.180552
1.28931
0.35493
0.646708
-0.698342
0.259423
-0.367842
-0.943656
0.417707
0.153017
-0.552881
0.539096
-0.139464
0.109533
0.726625
-1.33473
0.413311
-0.250131
1.14143
0.0150477
-0.908727
-0.711835
-1.3941
-1.07397
0.248043
-1.38331
-0.131531
0.262635
1.69814
-0.140945
1.31465
0.424038
-0.856697
0.347527
0.848666
-0.915008
-0.723428
-0.517684
0.203379
-0.460694
-0.297099
1.12765
1.23751
-1.38521
-1.45694
-0.951681
0.0946758
0.68684
0.251003
-1.57325
-0.930199
-0.494426
1.44525
-0.892197
-1.00983
0.455651
-1.36315
-0.483981
-1.01338
-0.00180487
0.741268
1.07771
-1.13122
0.818576
-0.647821
-0.176816
-1.43836
-0.209598
-0.485641
-0.810178
1.04594
-0.730025
-0.264493
1.18168
-1.35283
0.356278
-0.471293
-0.440624
-1.35811
0.703875
1.64524
0.111055
-0.344202
-0.294709
0.728722
-0.999079
-0.490581
-0.375683
-0.0748812
-0.979741
-0.124236
0.652962
0.218227
-1.03189
1.49186
-1.44204
0.540065
0.27602
-1.61198
-0.283031
